### MAP STATISTICS ###
# num lines: 200
# num outliers: 26
# slope slope_std length length_std
# 0.70 0.7609 0.64 0.1517
# 67.03 0.7367 0.66 0.1626
# 134.64 0.9129 0.74 0.1797
# 46.05 1.1491 0.70 0.1908
# 112.75 1.1914 0.66 0.1683
# 22.23 1.0687 0.75 0.1604
# 90.88 0.7522 0.76 0.1576
# 156.81 0.9131 0.73 0.1671
### LINE COORDINATES ###
-2.00 2.00 -1.63 1.15 23.4
-1.63 1.15 -1.07 0.91 66.6
-1.07 0.91 -0.70 0.74 65.7
-0.70 0.74 0.26 0.76 91.0
0.26 0.76 0.57 1.07 134.7
0.57 1.07 0.81 1.80 162.0
0.81 1.80 1.42 1.55 68.2
1.42 1.55 2.04 0.94 45.4
2.04 0.94 2.90 0.94 90.3
2.90 0.94 3.54 0.68 67.5
3.54 0.68 4.16 0.69 90.6
4.16 0.69 4.18 0.15 2.2
4.18 0.15 4.54 1.01 157.2
4.54 1.01 5.01 0.81 67.9
5.01 0.81 5.87 0.47 68.0
5.87 0.47 6.73 0.91 117.0
6.73 0.91 7.30 0.33 44.8
7.30 0.33 7.81 -0.17 45.7
7.81 -0.17 7.82 -1.02 0.6
7.82 -1.02 7.84 -1.75 1.3
7.84 -1.75 8.11 -2.70 16.0
8.11 -2.70 8.66 -2.50 110.0
8.66 -2.50 9.06 -1.59 156.0
9.06 -1.59 9.39 -1.90 47.2
9.39 -1.90 9.62 -2.58 19.0
9.62 -2.58 10.07 -2.41 110.9
10.07 -2.41 10.28 -1.94 156.4
10.28 -1.94 11.16 -1.95 89.6
11.16 -1.95 11.84 -2.64 44.2
11.84 -2.64 11.84 -3.07 0.3
11.84 -3.07 12.54 -2.40 133.9
12.54 -2.40 12.54 -2.84 0.2
12.54 -2.84 13.26 -3.13 68.3
13.26 -3.13 13.58 -3.43 45.8
13.58 -3.43 14.07 -3.21 114.0
14.07 -3.21 14.08 -4.03 0.6
14.08 -4.03 14.57 -4.03 90.8
14.57 -4.03 14.94 -4.89 23.2
14.94 -4.89 15.82 -5.25 67.6
15.82 -5.25 16.42 -5.01 111.8
16.42 -5.01 17.10 -4.29 136.4
17.10 -4.29 17.66 -4.53 66.4
17.66 -4.53 17.98 -3.77 157.2
17.98 -3.77 17.98 -4.22 0.5
17.98 -4.22 18.46 -4.43 66.2
18.46 -4.43 18.66 -4.94 21.7
18.66 -4.94 19.25 -4.70 112.2
19.25 -4.70 19.95 -4.79 82.0
19.95 -4.79 20.79 -4.78 90.9
20.79 -4.78 21.57 -5.12 66.5
21.57 -5.12 22.22 -4.83 113.6
22.22 -4.83 22.83 -5.49 43.0
22.83 -5.49 22.83 -6.19 0.3
22.83 -6.19 22.99 -6.58 21.3
22.99 -6.58 23.19 -6.07 158.2
23.19 -6.07 23.59 -6.43 47.4
23.59 -6.43 24.01 -6.03 133.0
24.01 -6.03 24.59 -6.48 52.0
24.59 -6.48 25.20 -6.47 90.6
25.20 -6.47 26.08 -6.84 67.1
26.08 -6.84 26.76 -6.49 117.0
26.76 -6.49 27.32 -6.48 91.1
27.32 -6.48 27.69 -5.69 155.1
27.69 -5.69 28.38 -5.38 114.6
28.38 -5.38 28.73 -4.56 157.1
28.73 -4.56 29.42 -4.91 63.0
29.42 -4.91 29.79 -5.08 66.0
29.79 -5.08 30.23 -4.92 110.5
30.23 -4.92 30.91 -5.57 45.9
30.91 -5.57 31.27 -6.46 22.2
31.27 -6.46 31.27 -7.16 0.4
31.27 -7.16 32.04 -7.15 91.1
32.04 -7.15 33.03 -7.12 91.5
33.03 -7.12 33.95 -7.08 92.2
33.95 -7.08 33.95 -7.65 0.6
33.95 -7.65 34.42 -7.88 64.0
34.42 -7.88 34.99 -7.63 113.9
34.99 -7.63 35.66 -8.25 47.2
35.66 -8.25 35.92 -7.69 155.0
35.92 -7.69 36.42 -8.18 45.8
36.42 -8.18 37.29 -7.81 113.0
37.29 -7.81 37.75 -7.36 134.8
37.75 -7.36 38.48 -7.04 114.0
38.48 -7.04 38.69 -6.52 157.9
38.69 -6.52 39.04 -7.42 21.3
39.04 -7.42 39.73 -7.42 90.4
39.73 -7.42 40.15 -7.01 134.3
40.15 -7.01 40.53 -6.15 156.4
40.53 -6.15 40.85 -5.71 144.0
40.85 -5.71 41.83 -5.71 89.9
41.83 -5.71 42.72 -5.34 112.3
42.72 -5.34 43.65 -5.34 90.0
43.65 -5.34 43.98 -5.65 46.2
43.98 -5.65 44.15 -5.26 156.7
44.15 -5.26 44.98 -5.61 66.9
44.98 -5.61 45.85 -5.25 112.7
45.85 -5.25 46.44 -4.98 114.4
46.44 -4.98 46.89 -5.41 46.0
46.89 -5.41 47.44 -5.18 112.6
47.44 -5.18 48.03 -5.75 46.5
48.03 -5.75 48.64 -6.01 66.8
48.64 -6.01 49.15 -5.78 114.2
49.15 -5.78 49.57 -6.17 47.2
49.57 -6.17 49.87 -5.46 156.7
49.87 -5.46 50.49 -6.09 44.2
50.49 -6.09 50.82 -5.31 157.1
50.82 -5.31 51.11 -4.64 156.6
51.11 -4.64 51.55 -5.06 46.3
51.55 -5.06 51.85 -5.35 46.2
51.85 -5.35 52.37 -4.81 135.4
52.37 -4.81 52.37 -5.43 -0.5
52.37 -5.43 52.36 -6.24 -0.5
52.36 -6.24 53.26 -6.24 90.0
53.26 -6.24 53.68 -6.65 45.3
53.68 -6.65 54.11 -7.04 47.6
54.11 -7.04 54.26 -6.57 162.0
54.26 -6.57 54.86 -6.82 67.2
54.86 -6.82 55.12 -7.49 21.5
55.12 -7.49 55.43 -8.20 23.4
55.43 -8.20 55.70 -8.86 22.5
55.70 -8.86 56.05 -9.18 47.8
56.05 -9.18 56.67 -9.77 45.8
56.67 -9.77 57.14 -9.97 67.0
57.14 -9.97 57.52 -9.73 123.0
57.52 -9.73 58.48 -9.71 91.2
58.48 -9.71 58.69 -9.24 155.9
58.69 -9.24 59.25 -9.47 67.2
59.25 -9.47 59.83 -9.20 115.0
59.83 -9.20 60.11 -8.59 155.2
60.11 -8.59 60.50 -8.97 45.6
60.50 -8.97 60.85 -9.74 24.5
60.85 -9.74 61.52 -9.45 113.4
61.52 -9.45 61.94 -9.63 67.5
61.94 -9.63 62.69 -10.27 49.3
62.69 -10.27 63.38 -10.23 92.8
63.38 -10.23 63.99 -9.64 133.8
63.99 -9.64 64.33 -9.97 45.0
64.33 -9.97 64.34 -10.44 1.8
64.34 -10.44 64.63 -10.84 36.0
64.63 -10.84 65.27 -11.09 68.3
65.27 -11.09 65.94 -11.09 90.5
65.94 -11.09 66.75 -11.44 66.3
66.75 -11.44 67.03 -12.12 22.6
67.03 -12.12 67.77 -12.11 90.2
67.77 -12.11 68.06 -11.82 134.9
68.06 -11.82 68.72 -11.54 113.6
68.72 -11.54 69.19 -12.01 44.8
69.19 -12.01 69.85 -11.35 135.1
69.85 -11.35 70.05 -11.88 20.8
70.05 -11.88 70.38 -12.75 20.8
70.38 -12.75 71.02 -12.15 133.3
71.02 -12.15 71.48 -11.95 113.1
71.48 -11.95 71.68 -12.47 21.2
71.68 -12.47 71.72 -13.39 2.2
71.72 -13.39 71.96 -12.84 156.9
71.96 -12.84 72.59 -12.21 135.1
72.59 -12.21 73.49 -11.81 113.9
73.49 -11.81 73.70 -12.44 19.0
73.70 -12.44 74.01 -11.71 157.3
74.01 -11.71 74.34 -10.91 157.1
74.34 -10.91 75.03 -11.51 49.0
75.03 -11.51 75.57 -10.98 134.6
75.57 -10.98 75.80 -10.47 156.5
75.80 -10.47 76.40 -10.45 91.5
76.40 -10.45 76.97 -10.22 111.6
76.97 -10.22 76.99 -10.94 1.2
76.99 -10.94 77.37 -11.31 45.5
77.37 -11.31 78.02 -10.90 122.0
78.02 -10.90 78.42 -10.17 151.0
78.42 -10.17 78.68 -9.59 156.2
78.68 -9.59 78.68 -10.05 0.4
78.68 -10.05 79.29 -9.40 136.4
79.29 -9.40 79.72 -8.99 134.0
79.72 -8.99 80.31 -8.42 134.1
80.31 -8.42 80.64 -7.66 156.8
80.64 -7.66 80.79 -7.28 157.4
80.79 -7.28 81.06 -6.55 159.5
81.06 -6.55 81.71 -6.54 91.1
81.71 -6.54 82.37 -6.27 112.6
82.37 -6.27 82.38 -6.84 0.3
82.38 -6.84 82.48 -7.60 8.0
82.48 -7.60 83.20 -8.27 46.9
83.20 -8.27 83.50 -7.56 157.0
83.50 -7.56 84.20 -7.48 97.0
84.20 -7.48 84.59 -7.32 112.5
84.59 -7.32 85.16 -7.88 45.4
85.16 -7.88 85.17 -8.53 0.6
85.17 -8.53 85.55 -7.69 155.8
85.55 -7.69 86.23 -8.37 44.6
86.23 -8.37 86.48 -8.98 22.7
86.48 -8.98 86.77 -9.73 21.6
86.77 -9.73 87.16 -9.34 135.1
87.16 -9.34 87.60 -9.17 110.5
87.60 -9.17 88.10 -9.16 91.9
88.10 -9.16 88.72 -9.43 66.2
88.72 -9.43 89.01 -10.09 23.6
89.01 -10.09 89.52 -10.30 67.3
89.52 -10.30 90.09 -10.86 46.0
90.09 -10.86 90.84 -10.85 90.9
90.84 -10.85 91.25 -10.69 111.5
