11.65 -8.62 13.17 -9.92
13.17 -9.92 11.87 -11.43
11.87 -11.43 10.36 -10.14
10.36 -10.14 11.65 -8.62
-10.47 21.59 -9.12 21.34
-9.12 21.34 -9.37 19.99
-9.37 19.99 -10.71 20.24
-10.71 20.24 -10.47 21.59
15.39 7.98 15.74 7.78
15.74 7.78 15.55 7.43
15.55 7.43 15.20 7.62
15.20 7.62 15.39 7.98
-17.93 -11.23 -16.42 -11.56
-16.42 -11.56 -16.75 -13.06
-16.75 -13.06 -18.25 -12.74
-18.25 -12.74 -17.93 -11.23
-14.65 19.16 -13.90 19.06
-13.90 19.06 -14.00 18.31
-14.00 18.31 -14.75 18.41
-14.75 18.41 -14.65 19.16
12.88 1.18 12.95 -0.67
12.95 -0.67 11.10 -0.73
11.10 -0.73 11.04 1.12
11.04 1.12 12.88 1.18
3.10 -7.14 3.59 -8.16
3.59 -8.16 2.56 -8.64
2.56 -8.64 2.08 -7.62
2.08 -7.62 3.10 -7.14
-27.63 8.99 -26.45 8.84
-26.45 8.84 -26.60 7.66
-26.60 7.66 -27.78 7.81
-27.78 7.81 -27.63 8.99
-10.76 -26.85 -10.65 -28.59
-10.65 -28.59 -12.40 -28.70
-12.40 -28.70 -12.51 -26.95
-12.51 -26.95 -10.76 -26.85
-14.64 22.55 -12.98 22.43
-12.98 22.43 -13.11 20.77
-13.11 20.77 -14.77 20.89
-14.77 20.89 -14.64 22.55
-7.18 19.47 -5.51 18.95
-5.51 18.95 -6.03 17.28
-6.03 17.28 -7.70 17.80
-7.70 17.80 -7.18 19.47
24.65 15.58 25.06 14.96
25.06 14.96 24.44 14.56
24.44 14.56 24.03 15.18
24.03 15.18 24.65 15.58
26.00 -16.12 26.83 -16.29
26.83 -16.29 26.66 -17.12
26.66 -17.12 25.83 -16.95
25.83 -16.95 26.00 -16.12
16.33 16.03 16.81 15.92
16.81 15.92 16.70 15.44
16.70 15.44 16.22 15.55
16.22 15.55 16.33 16.03
-21.48 1.07 -21.41 0.70
-21.41 0.70 -21.79 0.63
-21.79 0.63 -21.85 1.01
-21.85 1.01 -21.48 1.07
25.83 3.99 27.10 2.69
27.10 2.69 25.80 1.42
25.80 1.42 24.53 2.72
24.53 2.72 25.83 3.99
-21.02 -9.41 -20.39 -10.49
-20.39 -10.49 -21.47 -11.12
-21.47 -11.12 -22.10 -10.04
-22.10 -10.04 -21.02 -9.41
1.80 12.25 3.50 11.21
3.50 11.21 2.46 9.50
2.46 9.50 0.76 10.54
0.76 10.54 1.80 12.25
6.23 6.78 6.91 5.44
6.91 5.44 5.57 4.76
5.57 4.76 4.89 6.10
4.89 6.10 6.23 6.78
-29.23 29.00 -29.01 28.61
-29.01 28.61 -29.40 28.39
-29.40 28.39 -29.62 28.78
-29.62 28.78 -29.23 29.00
-29.71 22.69 -28.25 22.24
-28.25 22.24 -28.69 20.78
-28.69 20.78 -30.16 21.22
-30.16 21.22 -29.71 22.69
23.11 10.87 24.45 9.82
24.45 9.82 23.40 8.49
23.40 8.49 22.07 9.53
22.07 9.53 23.11 10.87
-18.35 27.64 -16.93 26.80
-16.93 26.80 -17.77 25.38
-17.77 25.38 -19.19 26.22
-19.19 26.22 -18.35 27.64
-26.98 1.17 -26.94 0.78
-26.94 0.78 -27.34 0.74
-27.34 0.74 -27.37 1.13
-27.37 1.13 -26.98 1.17
15.05 17.07 15.22 16.65
15.22 16.65 14.80 16.49
14.80 16.49 14.64 16.91
14.64 16.91 15.05 17.07
2.82 -0.76 4.28 -1.20
4.28 -1.20 3.84 -2.67
3.84 -2.67 2.38 -2.22
2.38 -2.22 2.82 -0.76
-15.86 -4.62 -15.65 -4.96
-15.65 -4.96 -15.99 -5.17
-15.99 -5.17 -16.20 -4.83
-16.20 -4.83 -15.86 -4.62
-5.64 6.16 -5.37 4.47
-5.37 4.47 -7.06 4.20
-7.06 4.20 -7.33 5.89
-7.33 5.89 -5.64 6.16
-13.14 -4.22 -11.55 -4.76
-11.55 -4.76 -12.09 -6.34
-12.09 -6.34 -13.68 -5.80
-13.68 -5.80 -13.14 -4.22
28.82 -26.64 29.23 -26.73
29.23 -26.73 29.15 -27.14
29.15 -27.14 28.74 -27.05
28.74 -27.05 28.82 -26.64
24.98 20.10 25.71 19.93
25.71 19.93 25.54 19.20
25.54 19.20 24.81 19.37
24.81 19.37 24.98 20.10
-12.70 10.09 -12.45 9.56
-12.45 9.56 -12.98 9.32
-12.98 9.32 -13.23 9.84
-13.23 9.84 -12.70 10.09
23.47 9.44 23.71 8.54
23.71 8.54 22.82 8.30
22.82 8.30 22.58 9.19
22.58 9.19 23.47 9.44
14.67 -5.93 15.05 -6.68
15.05 -6.68 14.29 -7.06
14.29 -7.06 13.92 -6.31
13.92 -6.31 14.67 -5.93
24.22 5.84 26.15 5.33
26.15 5.33 25.64 3.41
25.64 3.41 23.72 3.91
23.72 3.91 24.22 5.84
12.82 19.95 13.20 18.46
13.20 18.46 11.70 18.08
11.70 18.08 11.32 19.58
11.32 19.58 12.82 19.95
-24.65 23.49 -23.20 22.79
-23.20 22.79 -23.90 21.34
-23.90 21.34 -25.35 22.04
-25.35 22.04 -24.65 23.49
20.87 -11.73 21.14 -12.45
21.14 -12.45 20.41 -12.72
20.41 -12.72 20.14 -12.00
20.14 -12.00 20.87 -11.73
8.49 -6.68 8.64 -7.42
8.64 -7.42 7.90 -7.57
7.90 -7.57 7.76 -6.83
7.76 -6.83 8.49 -6.68
-15.34 -20.49 -14.47 -21.36
-14.47 -21.36 -15.34 -22.24
-15.34 -22.24 -16.21 -21.36
-16.21 -21.36 -15.34 -20.49
-19.20 -11.01 -18.88 -12.60
-18.88 -12.60 -20.47 -12.91
-20.47 -12.91 -20.79 -11.32
-20.79 -11.32 -19.20 -11.01
16.16 -7.84 16.21 -8.57
16.21 -8.57 15.48 -8.63
15.48 -8.63 15.43 -7.90
15.43 -7.90 16.16 -7.84
-0.62 25.59 -0.34 25.38
-0.34 25.38 -0.56 25.10
-0.56 25.10 -0.84 25.32
-0.84 25.32 -0.62 25.59
-2.32 27.65 -1.03 26.82
-1.03 26.82 -1.86 25.53
-1.86 25.53 -3.15 26.36
-3.15 26.36 -2.32 27.65
-27.71 20.44 -27.51 19.54
-27.51 19.54 -28.41 19.34
-28.41 19.34 -28.61 20.24
-28.61 20.24 -27.71 20.44
16.89 6.14 18.58 5.69
18.58 5.69 18.13 4.00
18.13 4.00 16.44 4.45
16.44 4.45 16.89 6.14
13.37 14.20 13.59 13.61
13.59 13.61 13.00 13.40
13.00 13.40 12.78 13.99
12.78 13.99 13.37 14.20
-18.85 -23.13 -17.36 -23.89
-17.36 -23.89 -18.11 -25.38
-18.11 -25.38 -19.61 -24.62
-19.61 -24.62 -18.85 -23.13
-25.72 11.97 -25.33 11.75
-25.33 11.75 -25.55 11.36
-25.55 11.36 -25.94 11.58
-25.94 11.58 -25.72 11.97
-19.40 6.04 -18.46 4.62
-18.46 4.62 -19.89 3.69
-19.89 3.69 -20.82 5.11
-20.82 5.11 -19.40 6.04
27.89 2.15 28.48 1.90
28.48 1.90 28.23 1.30
28.23 1.30 27.63 1.56
27.63 1.56 27.89 2.15
-20.44 11.59 -20.27 10.19
-20.27 10.19 -21.67 10.02
-21.67 10.02 -21.84 11.42
-21.84 11.42 -20.44 11.59
13.75 18.23 13.82 17.04
13.82 17.04 12.64 16.97
12.64 16.97 12.57 18.16
12.57 18.16 13.75 18.23
12.36 23.64 13.03 23.53
13.03 23.53 12.92 22.86
12.92 22.86 12.25 22.97
12.25 22.97 12.36 23.64
-7.92 -18.73 -7.04 -18.95
-7.04 -18.95 -7.27 -19.83
-7.27 -19.83 -8.15 -19.60
-8.15 -19.60 -7.92 -18.73
-13.34 -4.36 -12.48 -5.73
-12.48 -5.73 -13.85 -6.59
-13.85 -6.59 -14.71 -5.22
-14.71 -5.22 -13.34 -4.36
-10.84 0.66 -9.82 -0.87
-9.82 -0.87 -11.35 -1.89
-11.35 -1.89 -12.37 -0.36
-12.37 -0.36 -10.84 0.66
-15.28 -18.68 -14.58 -18.93
-14.58 -18.93 -14.83 -19.63
-14.83 -19.63 -15.53 -19.38
-15.53 -19.38 -15.28 -18.68
13.37 0.21 14.68 -1.29
14.68 -1.29 13.18 -2.60
13.18 -2.60 11.87 -1.10
11.87 -1.10 13.37 0.21
20.21 21.83 21.55 20.57
21.55 20.57 20.29 19.24
20.29 19.24 18.96 20.50
18.96 20.50 20.21 21.83
-17.19 -18.86 -16.31 -19.59
-16.31 -19.59 -17.05 -20.47
-17.05 -20.47 -17.92 -19.74
-17.92 -19.74 -17.19 -18.86
23.12 4.56 23.91 4.25
23.91 4.25 23.60 3.46
23.60 3.46 22.81 3.77
22.81 3.77 23.12 4.56
-22.60 -11.86 -21.77 -12.71
-21.77 -12.71 -22.61 -13.53
-22.61 -13.53 -23.44 -12.69
-23.44 -12.69 -22.60 -11.86
-23.60 6.09 -21.94 6.07
-21.94 6.07 -21.96 4.41
-21.96 4.41 -23.61 4.43
-23.61 4.43 -23.60 6.09
14.95 -24.03 16.80 -24.44
16.80 -24.44 16.40 -26.29
16.40 -26.29 14.55 -25.89
14.55 -25.89 14.95 -24.03
27.00 -22.31 27.20 -22.58
27.20 -22.58 26.93 -22.77
26.93 -22.77 26.73 -22.50
26.73 -22.50 27.00 -22.31
-10.64 25.85 -10.36 25.19
-10.36 25.19 -11.02 24.91
-11.02 24.91 -11.29 25.57
-11.29 25.57 -10.64 25.85
22.30 5.04 23.50 4.18
23.50 4.18 22.64 2.98
22.64 2.98 21.44 3.84
21.44 3.84 22.30 5.04
12.93 -14.20 13.25 -15.02
13.25 -15.02 12.43 -15.34
12.43 -15.34 12.11 -14.53
12.11 -14.53 12.93 -14.20
-7.48 15.64 -6.58 15.62
-6.58 15.62 -6.60 14.72
-6.60 14.72 -7.50 14.75
-7.50 14.75 -7.48 15.64
-23.04 -22.80 -22.22 -23.08
-22.22 -23.08 -22.50 -23.89
-22.50 -23.89 -23.31 -23.62
-23.31 -23.62 -23.04 -22.80
9.12 14.41 9.94 14.38
9.94 14.38 9.92 13.56
9.92 13.56 9.10 13.58
9.10 13.58 9.12 14.41
13.31 23.08 13.46 22.16
13.46 22.16 12.54 22.01
12.54 22.01 12.39 22.93
12.39 22.93 13.31 23.08
4.66 29.29 5.33 27.75
5.33 27.75 3.78 27.07
3.78 27.07 3.11 28.62
3.11 28.62 4.66 29.29
8.17 -27.42 8.58 -28.25
8.58 -28.25 7.75 -28.66
7.75 -28.66 7.34 -27.83
7.34 -27.83 8.17 -27.42
-28.16 -8.88 -26.34 -9.09
-26.34 -9.09 -26.55 -10.90
-26.55 -10.90 -28.36 -10.69
-28.36 -10.69 -28.16 -8.88
15.19 -9.99 16.77 -10.48
16.77 -10.48 16.28 -12.06
16.28 -12.06 14.71 -11.57
14.71 -11.57 15.19 -9.99
24.54 -3.22 25.79 -4.78
25.79 -4.78 24.23 -6.02
24.23 -6.02 22.99 -4.47
22.99 -4.47 24.54 -3.22
-3.82 7.70 -2.69 6.31
-2.69 6.31 -4.09 5.18
-4.09 5.18 -5.21 6.58
-5.21 6.58 -3.82 7.70
-29.66 17.14 -29.40 16.84
-29.40 16.84 -29.71 16.58
-29.71 16.58 -29.96 16.89
-29.96 16.89 -29.66 17.14
-16.16 -24.42 -15.26 -25.26
-15.26 -25.26 -16.10 -26.16
-16.10 -26.16 -17.00 -25.32
-17.00 -25.32 -16.16 -24.42
-6.64 -13.14 -5.72 -13.93
-5.72 -13.93 -6.51 -14.85
-6.51 -14.85 -7.43 -14.06
-7.43 -14.06 -6.64 -13.14
21.14 6.48 21.35 5.64
21.35 5.64 20.51 5.43
20.51 5.43 20.30 6.27
20.30 6.27 21.14 6.48
-9.27 12.80 -9.13 11.99
-9.13 11.99 -9.94 11.85
-9.94 11.85 -10.08 12.66
-10.08 12.66 -9.27 12.80
9.25 15.90 9.90 15.74
9.90 15.74 9.74 15.08
9.74 15.08 9.08 15.25
9.08 15.25 9.25 15.90
16.90 28.67 18.05 27.23
18.05 27.23 16.62 26.08
16.62 26.08 15.46 27.51
15.46 27.51 16.90 28.67
20.02 -28.45 20.42 -29.12
20.42 -29.12 19.75 -29.52
19.75 -29.52 19.35 -28.86
19.35 -28.86 20.02 -28.45
29.66 6.24 29.94 4.88
29.94 4.88 28.59 4.60
28.59 4.60 28.31 5.96
28.31 5.96 29.66 6.24
-19.60 -24.76 -19.00 -25.69
-19.00 -25.69 -19.94 -26.29
-19.94 -26.29 -20.53 -25.35
-20.53 -25.35 -19.60 -24.76
25.42 2.61 26.64 2.42
26.64 2.42 26.46 1.20
26.46 1.20 25.23 1.39
25.23 1.39 25.42 2.61
-25.54 25.07 -24.67 23.45
-24.67 23.45 -26.29 22.59
-26.29 22.59 -27.16 24.21
-27.16 24.21 -25.54 25.07
-6.67 12.73 -6.20 12.52
-6.20 12.52 -6.41 12.05
-6.41 12.05 -6.88 12.26
-6.88 12.26 -6.67 12.73
-3.05 10.20 -2.52 9.43
-2.52 9.43 -3.30 8.91
-3.30 8.91 -3.82 9.68
-3.82 9.68 -3.05 10.20
23.56 -1.38 24.43 -3.04
24.43 -3.04 22.77 -3.90
22.77 -3.90 21.91 -2.25
21.91 -2.25 23.56 -1.38
-25.87 7.24 -25.30 6.97
-25.30 6.97 -25.57 6.40
-25.57 6.40 -26.14 6.67
-26.14 6.67 -25.87 7.24
-27.43 -22.47 -27.38 -24.35
-27.38 -24.35 -29.27 -24.40
-29.27 -24.40 -29.31 -22.52
-29.31 -22.52 -27.43 -22.47
-27.16 21.47 -25.70 20.55
-25.70 20.55 -26.63 19.09
-26.63 19.09 -28.08 20.02
-28.08 20.02 -27.16 21.47
21.67 -16.98 22.27 -17.98
22.27 -17.98 21.27 -18.58
21.27 -18.58 20.67 -17.58
20.67 -17.58 21.67 -16.98
-0.88 3.04 -0.47 2.10
-0.47 2.10 -1.41 1.70
-1.41 1.70 -1.82 2.64
-1.82 2.64 -0.88 3.04
23.62 -18.71 23.81 -19.31
23.81 -19.31 23.21 -19.50
23.21 -19.50 23.02 -18.90
23.02 -18.90 23.62 -18.71
